{
 "cells": [
  {
   "cell_type": "code",
   "execution_count": 35,
   "id": "957d0122",
   "metadata": {},
   "outputs": [],
   "source": [
    "from collections import defaultdict\n",
    "import pycolmap"
   ]
  },
  {
   "cell_type": "code",
   "execution_count": 36,
   "id": "90e641a7",
   "metadata": {},
   "outputs": [],
   "source": [
    "# colmap_dir = \"/private/home/miguelmartin/ego4d/ego4d_public/colmap_experiments/output/sfu_1a69642e-93d6-4faa-93df-72ee253bced5/OPENCV_FISHEYE_s1_r1_a1_fr0.250/\"\n",
    "# cache_dir = \"/private/home/miguelmartin/ego4d/ego4d_public/colmap_experiments/cache/sfu_1a69642e-93d6-4faa-93df-72ee253bced5\"\n",
    "\n",
    "colmap_dir = \"/private/home/miguelmartin/ego4d/ego4d_public/colmap_experiments/output/unc_T1/OPENCV_FISHEYE_s1_r1_a1_fr0.250/\"\n",
    "cache_dir = \"/private/home/miguelmartin/ego4d/ego4d_public/colmap_experiments/cache/unc_T1\""
   ]
  },
  {
   "cell_type": "code",
   "execution_count": 37,
   "id": "5f2f1609",
   "metadata": {},
   "outputs": [
    {
     "name": "stdout",
     "output_type": "stream",
     "text": [
      "aria01\tcam01  cam02  cam03  cam04  dataset  mobile  timesync.csv\r\n"
     ]
    }
   ],
   "source": [
    "!ls $cache_dir"
   ]
  },
  {
   "cell_type": "code",
   "execution_count": 38,
   "id": "3e90f711",
   "metadata": {},
   "outputs": [],
   "source": [
    "VRS_BIN = \"/usr/local/bin/vrs\""
   ]
  },
  {
   "cell_type": "code",
   "execution_count": 39,
   "id": "4d4c14c0",
   "metadata": {},
   "outputs": [],
   "source": [
    "import json\n",
    "import os\n",
    "\n",
    "from numpy.linalg import inv\n",
    "\n",
    "\n",
    "from iopath.common.file_io import PathManager\n",
    "from iopath.common.s3 import S3PathHandler\n",
    "pathmgr = PathManager()\n",
    "pathmgr.register_handler(S3PathHandler(profile=\"default\"))"
   ]
  },
  {
   "cell_type": "code",
   "execution_count": 40,
   "id": "db34d684",
   "metadata": {},
   "outputs": [],
   "source": [
    "# metadata_path = \"s3://ego4d-consortium-sharing/internal/egoexo_pilot/sfu/1a69642e-93d6-4faa-93df-72ee253bced5/metadata.json\"\n",
    "# metadata_path = \"s3://ego4d-consortium-sharing/internal/egoexo_pilot/unc/T1/metadata.json\"\n",
    "# metadata_json = json.load(pathmgr.open(metadata_path))"
   ]
  },
  {
   "cell_type": "code",
   "execution_count": 41,
   "id": "403679db",
   "metadata": {},
   "outputs": [],
   "source": [
    "# aria_metadata = metadata_json[\"videos\"][0][\"mps_output_dir\"]\n",
    "\n",
    "# # traj_dir = os.path.join(aria_metadata, \"trajectory/\")\n",
    "# # traj_file = os.path.join(traj_dir, \"closed_loop_trajectory.csv\")\n",
    "# # calib_file = os.path.join(traj_dir, \"online_calibration.jsonl\")\n",
    "\n",
    "# traj_dir = \"s3://ego4d-consortium-sharing/internal/temple3_egoexo/unc_t1/\"\n",
    "# gopro_calibs = os.path.join(traj_dir, \"gopro_calibs.csv\")\n",
    "# traj_file0 = os.path.join(traj_dir, \"multi_closed_loop_trajectory_framerate_0.csv\")  # UNC T1\n",
    "# traj_file1 = os.path.join(traj_dir, \"multi_closed_loop_trajectory_framerate_1.csv\")  # UNC T2\n",
    "# traj_file1 = os.path.join(traj_dir, \"multi_closed_loop_trajectory_framerate_2.csv\")  # UNC T3\n",
    "# multi_global_pts = os.path.join(traj_dir, \"multi_global_points_0.csv\")"
   ]
  },
  {
   "cell_type": "code",
   "execution_count": 42,
   "id": "37270de0",
   "metadata": {},
   "outputs": [],
   "source": [
    "# import pandas as pd"
   ]
  },
  {
   "cell_type": "code",
   "execution_count": 43,
   "id": "bf207ffa",
   "metadata": {},
   "outputs": [],
   "source": [
    "# gopro_calib_df = pd.read_csv(pathmgr.open(gopro_calibs))"
   ]
  },
  {
   "cell_type": "code",
   "execution_count": 44,
   "id": "784636e4",
   "metadata": {},
   "outputs": [],
   "source": [
    "# gopro_calib_df"
   ]
  },
  {
   "cell_type": "code",
   "execution_count": 45,
   "id": "1ab8f94a",
   "metadata": {},
   "outputs": [],
   "source": [
    "# traj_df[\"tracking_timestamp_us\"]"
   ]
  },
  {
   "cell_type": "code",
   "execution_count": 46,
   "id": "fb54f2a1",
   "metadata": {},
   "outputs": [],
   "source": [
    "# traj_df.iloc[0]"
   ]
  },
  {
   "cell_type": "code",
   "execution_count": 47,
   "id": "7dfaf9b0",
   "metadata": {},
   "outputs": [],
   "source": [
    "\n",
    "# metadata_json = json.load(pathmgr.open(metadata_path))\n",
    "# timesync_df = pd.read_csv(pathmgr.open(metadata_json[\"timesync_csv_path\"]))\n",
    "\n",
    "# traj_file = \"s3://ego4d-consortium-sharing/internal/temple3_egoexo/unc_t1/multi_closed_loop_trajectory_framerate_0.csv\"\n",
    "# gopro_calibs_file = \"s3://ego4d-consortium-sharing/internal/temple3_egoexo/unc_t1/gopro_calibs.csv\"\n"
   ]
  },
  {
   "cell_type": "code",
   "execution_count": 48,
   "id": "f599c6b9",
   "metadata": {},
   "outputs": [],
   "source": [
    "# gopro_calibs_df = pd.read_csv(pathmgr.open(gopro_calibs_file))\n",
    "# gopro_calibs_df"
   ]
  },
  {
   "cell_type": "markdown",
   "id": "2eea28b4",
   "metadata": {},
   "source": [
    "# Pose Model"
   ]
  },
  {
   "cell_type": "code",
   "execution_count": 49,
   "id": "f68f731a",
   "metadata": {},
   "outputs": [],
   "source": [
    "# from mmpose.apis import (inference_top_down_pose_model, init_pose_model, process_mmdet_results, vis_pose_result)"
   ]
  },
  {
   "cell_type": "code",
   "execution_count": 50,
   "id": "8811d8cb",
   "metadata": {},
   "outputs": [],
   "source": [
    "import numpy as np"
   ]
  },
  {
   "cell_type": "code",
   "execution_count": 51,
   "id": "3e8a7cd1",
   "metadata": {},
   "outputs": [],
   "source": [
    "import av\n",
    "import torchaudio\n",
    "from torchaudio.io import StreamReader\n",
    "import torch\n",
    "from typing import Optional\n",
    "\n",
    "def get_video_meta(path):\n",
    "    with av.open(path) as cont:\n",
    "        n_frames = cont.streams[0].frames\n",
    "        codec = cont.streams[0].codec.name\n",
    "        tb = cont.streams[0].time_base\n",
    "\n",
    "        all_pts = []\n",
    "        for x in cont.demux(video=0):\n",
    "            if x.pts is None:\n",
    "                continue\n",
    "            all_pts.append(x.pts)\n",
    "\n",
    "            if len(all_pts) >= 2:\n",
    "                assert all_pts[-1] > all_pts[-2]\n",
    "\n",
    "        assert len(all_pts) == n_frames\n",
    "        return {\n",
    "            \"all_pts\": all_pts,\n",
    "            \"codec\": codec,\n",
    "            \"tb\": tb,\n",
    "        }\n",
    "\n",
    "def _yuv_to_rgb(img):\n",
    "    img = img.to(torch.float)\n",
    "    y = img[..., 0, :, :]\n",
    "    u = img[..., 1, :, :]\n",
    "    v = img[..., 2, :, :]\n",
    "\n",
    "    y /= 255\n",
    "    u = u / 255 - 0.5\n",
    "    v = v / 255 - 0.5\n",
    "\n",
    "    r = y + 1.14 * v\n",
    "    g = y + -0.396 * u - 0.581 * v\n",
    "    b = y + 2.029 * u\n",
    "\n",
    "    rgb = torch.stack([r, g, b], -1)\n",
    "    rgb = (rgb * 255).clamp(0, 255).to(torch.uint8)\n",
    "    return rgb\n",
    "\n",
    "\n",
    "class StridedReader:\n",
    "    def __init__(self, path, stride, frame_window_size):\n",
    "        self.path = path\n",
    "        self.meta = get_video_meta(path)\n",
    "        self.all_pts = self.meta[\"all_pts\"]\n",
    "        self.stride = stride\n",
    "        self.frame_window_size = frame_window_size\n",
    "        if self.stride == 0:\n",
    "            self.stride = self.frame_window_size\n",
    "\n",
    "    def __getitem__(self, idx: int) -> torch.Tensor:\n",
    "        raise AssertionError(\"Not implemented\")\n",
    "\n",
    "    def __len__(self):\n",
    "        return int(math.ceil((len(self.all_pts) - self.frame_window_size) / self.stride))\n",
    "\n",
    "\n",
    "class TorchAudioStreamReader(StridedReader):\n",
    "    def __init__(self,\n",
    "        path: str,\n",
    "        size: Optional[int],\n",
    "        mean: Optional[torch.Tensor],\n",
    "        frame_window_size: int,\n",
    "        stride: int,\n",
    "        gpu_idx: int,\n",
    "    ):\n",
    "        super().__init__(path, stride, frame_window_size)\n",
    "\n",
    "        self.mean = mean\n",
    "        self.size = size\n",
    "        self.gpu_id = gpu_idx\n",
    "        \n",
    "        decoder_basename = self.meta[\"codec\"]\n",
    "        if self.gpu_id >= 0:\n",
    "            print(\"gpu_idx=\", self.gpu_id)\n",
    "            decoder_opt = (\n",
    "                {\"resize\": f\"{size}x{size}\"}\n",
    "                if size is not None\n",
    "                else {}\n",
    "            )\n",
    "            self.conf = {\n",
    "                \"decoder\": f\"{decoder_basename}_cuvid\",\n",
    "                \"hw_accel\": f\"cuda:{self.gpu_id}\",\n",
    "                \"decoder_option\": decoder_opt,\n",
    "                \"stream_index\": 0,\n",
    "            }\n",
    "            self.resize = None\n",
    "        else:\n",
    "            self.conf = {\n",
    "                \"decoder\": decoder_basename,\n",
    "                \"stream_index\": 0,\n",
    "            }\n",
    "            self.resize = Resize((size, size)) if size is not None else None\n",
    "\n",
    "        self.cont = StreamReader(self.path)\n",
    "        self.cont.add_video_stream(self.frame_window_size, **self.conf)\n",
    "    \n",
    "    def __getitem__(self, idx: int) -> torch.Tensor:\n",
    "        frame_i = self.stride * idx\n",
    "        frame_j = frame_i + self.frame_window_size\n",
    "        assert frame_i >= 0 and frame_j < len(self.all_pts)\n",
    "\n",
    "        frame_i_pts = self.all_pts[frame_i]\n",
    "        self.cont.seek(float(frame_i_pts * self.meta[\"tb\"]))\n",
    "        fs = None\n",
    "        for fs in self.cont.stream():\n",
    "            break\n",
    "\n",
    "        assert fs is not None\n",
    "        assert len(fs) == 1\n",
    "        print([x.shape for x in fs])\n",
    "        ret = _yuv_to_rgb(fs[0])\n",
    "#         ret = fs[0]\n",
    "        assert ret.shape[0] == self.frame_window_size\n",
    "        if self.resize is not None:\n",
    "            ret = self.resize(ret)\n",
    "        if self.mean is not None:\n",
    "            ret -= self.mean\n",
    "        return ret"
   ]
  },
  {
   "cell_type": "code",
   "execution_count": 52,
   "id": "92906f8c",
   "metadata": {},
   "outputs": [],
   "source": [
    "aria_path = '/private/home/miguelmartin/ego4d/ego4d_public/colmap_experiments/cache/unc_T1/aria01'"
   ]
  },
  {
   "cell_type": "code",
   "execution_count": 521,
   "id": "47d636d7",
   "metadata": {},
   "outputs": [
    {
     "data": {
      "text/plain": [
       "937.859920237"
      ]
     },
     "execution_count": 521,
     "metadata": {},
     "output_type": "execute_result"
    }
   ],
   "source": []
  },
  {
   "cell_type": "code",
   "execution_count": 525,
   "id": "a68bbce4",
   "metadata": {},
   "outputs": [],
   "source": [
    "# TODO generalize to all cameras present not just cam01, cam02, cam03, cam04\n",
    "from typing import Dict, Any\n",
    "# NOTE order matters on pyark vs pyvrs, pyvrs must come first\n",
    "from pyvrs.reader import SyncVRSReader\n",
    "import cv2\n",
    "import pandas as pd\n",
    "\n",
    "def _get_synced_timesync_df(timesync_df):\n",
    "    # start idx\n",
    "    cam01_idx = timesync_df.cam01_global_time.first_valid_index()\n",
    "    cam02_idx = timesync_df.cam02_global_time.first_valid_index()\n",
    "    cam03_idx = timesync_df.cam03_global_time.first_valid_index()\n",
    "    cam04_idx = timesync_df.cam04_global_time.first_valid_index()\n",
    "    aria_rgb_idx = timesync_df[\"aria01_214-1_global_time\"].first_valid_index()\n",
    "    aria_slam1_idx = timesync_df[\"aria01_1201-1_global_time\"].first_valid_index()\n",
    "    aria_slam2_idx = timesync_df[\"aria01_1201-2_global_time\"].first_valid_index()\n",
    "    print(cam01_idx, cam02_idx, cam03_idx, cam04_idx, aria_rgb_idx, aria_slam1_idx, aria_slam2_idx)\n",
    "    first_idx = max(cam01_idx, cam02_idx, cam03_idx, cam04_idx, aria_rgb_idx, aria_slam1_idx, aria_slam2_idx)\n",
    "\n",
    "    # end idx\n",
    "    last_cam01_idx = timesync_df.cam01_global_time.last_valid_index()\n",
    "    last_cam02_idx = timesync_df.cam02_global_time.last_valid_index()\n",
    "    last_cam03_idx = timesync_df.cam03_global_time.last_valid_index()\n",
    "    last_cam04_idx = timesync_df.cam04_global_time.last_valid_index()\n",
    "    aria_rgb_last_idx = timesync_df[\"aria01_214-1_global_time\"].last_valid_index()\n",
    "    aria_slam1_last_idx = timesync_df[\"aria01_1201-1_global_time\"].last_valid_index()\n",
    "    aria_slam2_last_idx = timesync_df[\"aria01_1201-2_global_time\"].last_valid_index()\n",
    "    print(aria_rgb_last_idx, aria_slam1_last_idx, aria_slam2_last_idx, last_cam01_idx, last_cam02_idx, last_cam03_idx, last_cam04_idx)\n",
    "    last_idx = min(aria_rgb_last_idx, aria_slam1_last_idx, aria_slam2_last_idx, last_cam01_idx, last_cam02_idx, last_cam03_idx, last_cam04_idx)\n",
    "\n",
    "    return timesync_df.iloc[first_idx:last_idx+1]\n",
    "\n",
    "# TODO useme but this conflicts with pyark...\n",
    "def _get_accurate_timestamps(aria_path, stream_id):\n",
    "    vrs_r = SyncVRSReader(aria_path, auto_read_configuration_records=True)\n",
    "    rgb_stream = vrs_r.filtered_by_fields(stream_ids={stream_id}, record_types=\"data\")\n",
    "    \n",
    "    return{\n",
    "        idx: f.timestamp * 1e6\n",
    "        for idx, f in enumerate(rgb_stream)\n",
    "    }\n",
    "    \n",
    "\n",
    "class SyncedEgoExoCaptureDset:\n",
    "    def __init__(\n",
    "        self,\n",
    "        aria_path: str,\n",
    "        aria_frame_path: str,\n",
    "        metadata_path: str,\n",
    "        traj_file: str,\n",
    "        # TODO rename gopro -> exo\n",
    "        gopro_calibs_file: str,\n",
    "        gopro_dsets: Dict[str, Any],\n",
    "        # TODO: removeme\n",
    "        gopro_timesync_name_to_calib_name: Dict[str, str]\n",
    "    ):\n",
    "        self.metadata_json = json.load(pathmgr.open(metadata_path))\n",
    "        self.aria_path = aria_path\n",
    "        self.aria_frame_path = aria_frame_path\n",
    "        \n",
    "        self.traj_file = traj_file\n",
    "        self.traj_df = pd.read_csv(pathmgr.open(self.traj_file))\n",
    "        \n",
    "        self.gopro_calibs_file = gopro_calibs_file\n",
    "        self.gopro_calibs_df = pd.read_csv(pathmgr.open(self.gopro_calibs_file))\n",
    "        \n",
    "        self.gopro_timesync_name_to_calib_name = gopro_timesync_name_to_calib_name\n",
    "        self.gopro_dsets = gopro_dsets\n",
    "        \n",
    "        self.timesync_df = pd.read_csv(pathmgr.open(self.metadata_json[\"timesync_csv_path\"]))\n",
    "        self.synced_df = _get_synced_timesync_df(self.timesync_df)\n",
    "#         self.aria_frame_to_timestamp = aria_frame_to_timestamp\n",
    "        \n",
    "        \n",
    "        aria_rel_frames = [\n",
    "        #     os.path.join(aria_frame_path, f)\n",
    "            f\n",
    "            for f in os.listdir(os.path.join(aria_frame_path, \"214-1\"))\n",
    "            if f.endswith(\"jpg\")\n",
    "        ]\n",
    "#         aria_abs_frames = [ for f in aria_rel_frames]\n",
    "\n",
    "        aria_frame_to_t = {\n",
    "            int(f.split(\"-\")[2]): float(\".\".join(f.split(\"-\")[-1].split(\".\")[0:2])) * 1e6\n",
    "            for f in aria_rel_frames\n",
    "        }\n",
    "        aria_frame_to_path = {\n",
    "            int(f.split(\"-\")[2]): os.path.join(aria_frame_path, \"214-1\", f)\n",
    "            for f in aria_rel_frames\n",
    "        }\n",
    "        self.aria_frame_to_timestamp = aria_frame_to_t\n",
    "        self.aria_frame_to_path = aria_frame_to_path\n",
    "        \n",
    "#         self.aria_frame_to_timestamp = _get_accurate_timestamps(aria_path, \"214-1\") # TODO: add option for stream\n",
    "#         self.aria_camera_model = _get_aria_camera(aria_path)\n",
    "        import pyark.datatools as datatools  # TODO: ask aria team on not breaking pyvrs\n",
    "        vrs_data_provider = datatools.dataprovider.AriaVrsDataProvider()\n",
    "        vrs_data_provider.openFile(aria_path)\n",
    "        vrs_data_provider.loadDeviceModel()\n",
    "        \n",
    "#         vrs_data_provider = datatools.dataprovider.AriaVrsDataProvider()\n",
    "#         vrs_data_provider.openFile(aria_path)\n",
    "        self.aria_stream_id = datatools.dataprovider.StreamId(214, 1)\n",
    "        vrs_data_provider.setStreamPlayer(self.aria_stream_id)\n",
    "        vrs_data_provider.readFirstConfigurationRecord(self.aria_stream_id)\n",
    "        vrs_data_provider.loadDeviceModel()\n",
    "\n",
    "        self.aria_camera_model = vrs_data_provider.getDeviceModel()\n",
    "        self.aria_rgb_camera = self.aria_camera_model.getCameraCalib('camera-rgb')\n",
    "        self.vrs_data_provider = vrs_data_provider\n",
    "        \n",
    "\n",
    "\n",
    "    def __getitem__(self, idx):\n",
    "        # NOTE this seems to be off by 1\n",
    "        frame_idx = int(self.synced_df[\"aria01_214-1_frame_number\"].iloc[idx])\n",
    "        aria_t = self.aria_frame_to_timestamp[frame_idx]\n",
    "        aria_pose = self.traj_df.iloc[(self.traj_df.tracking_timestamp_us - aria_t).abs().argsort().iloc[0]].to_dict()\n",
    "        \n",
    "        \n",
    "        aria_frame_path = self.aria_frame_to_path[frame_idx]\n",
    "        print(frame_idx, aria_frame_path)\n",
    "        aria_frame = cv2.imread(aria_frame_path)\n",
    "        \n",
    "        values = {}\n",
    "        cameras = {}\n",
    "        for k, dset in self.gopro_dsets.items():\n",
    "            gopro_idx = int(self.synced_df.iloc[idx][f\"{k}_frame_number\"])\n",
    "            v = dset[gopro_idx]\n",
    "            values[k] = v\n",
    "            \n",
    "            # TODO: changeme if gopro calibs file is per aria timestamp\n",
    "            cam = self.gopro_calibs_df[\n",
    "                self.gopro_calibs_df.gopro_uid == self.gopro_timesync_name_to_calib_name[k]\n",
    "            ].iloc[0].to_dict()\n",
    "            cameras[k] = cam\n",
    "        \n",
    "        return {\n",
    "            \"aria_pose\": aria_pose,\n",
    "            \"aria_frame\": aria_frame,\n",
    "            \"values\": values,\n",
    "            \"cameras\": cameras,\n",
    "            \"aria_t\": aria_t,\n",
    "        }\n",
    "    \n",
    "    def __len__(self):\n",
    "        return len(self.synced_df)\n",
    "    \n",
    "\n",
    "class FrameDset:\n",
    "    def __init__(self, path, gpu_idx=0):\n",
    "        self.reader = TorchAudioStreamReader(\n",
    "            path,\n",
    "            frame_window_size=1,\n",
    "            stride=1,\n",
    "            gpu_idx=gpu_idx,\n",
    "            size=None,\n",
    "            mean=None,\n",
    "        )\n",
    "    \n",
    "    def __getitem__(self, idx):\n",
    "        return self.reader[idx]\n",
    "    \n",
    "    def __len__(self):\n",
    "        return len(self.reader)"
   ]
  },
  {
   "cell_type": "code",
   "execution_count": 526,
   "id": "d1b8afae",
   "metadata": {},
   "outputs": [],
   "source": [
    "# metadata_path = \"s3://ego4d-consortium-sharing/internal/egoexo_pilot/sfu/1a69642e-93d6-4faa-93df-72ee253bced5/metadata.json\"\n",
    "metadata_path = \"s3://ego4d-consortium-sharing/internal/egoexo_pilot/unc/T1/metadata.json\"\n",
    "aria_path = os.path.join(cache_dir, \"aria01\")\n",
    "aria_frame_path = \"/private/home/miguelmartin/ego4d/ego4d_public/notebooks/aria_unc_t1\"\n",
    "traj_file = \"s3://ego4d-consortium-sharing/internal/temple3_egoexo/unc_t1/multi_closed_loop_trajectory_framerate_0.csv\"\n",
    "gopro_calibs_file = \"s3://ego4d-consortium-sharing/internal/temple3_egoexo/unc_t1/gopro_calibs.csv\"\n",
    "points_file = \"s3://ego4d-consortium-sharing/internal/temple3_egoexo/unc_t1/multi_global_points_0.csv\"\n",
    "# TODO: get Jing to fix this\n",
    "gopro_timesync_name_to_calib_name = {\n",
    "    \"cam01\": \"/home/jingdong/data/egoexo/unc_t1/raw/gopro1_%09d.jpg\",\n",
    "    \"cam02\": \"/home/jingdong/data/egoexo/unc_t1/raw/gopro2_%09d.jpg\",\n",
    "    \"cam03\": \"/home/jingdong/data/egoexo/unc_t1/raw/gopro3_%09d.jpg\",\n",
    "    \"cam04\": \"/home/jingdong/data/egoexo/unc_t1/raw/gopro4_%09d.jpg\",\n",
    "}\n",
    "\n",
    "gopro_paths = {\n",
    "    \"cam01\": os.path.join(cache_dir, \"cam01\"),\n",
    "    \"cam02\": os.path.join(cache_dir, \"cam02\"),\n",
    "    \"cam03\": os.path.join(cache_dir, \"cam03\"),\n",
    "    \"cam04\": os.path.join(cache_dir, \"cam04\"),\n",
    "}"
   ]
  },
  {
   "cell_type": "code",
   "execution_count": 528,
   "id": "40994390",
   "metadata": {},
   "outputs": [
    {
     "name": "stdout",
     "output_type": "stream",
     "text": [
      "gpu_idx= 0\n",
      "gpu_idx= 0\n",
      "gpu_idx= 0\n",
      "gpu_idx= 0\n"
     ]
    },
    {
     "name": "stderr",
     "output_type": "stream",
     "text": [
      "/tmp/ipykernel_3024336/997654668.py:1: DtypeWarning: Columns (17,23) have mixed types.Specify dtype option on import or set low_memory=False.\n",
      "  dset = SyncedEgoExoCaptureDset(\n"
     ]
    },
    {
     "name": "stdout",
     "output_type": "stream",
     "text": [
      "2639 2839 3043 3217 0 0 0\n",
      "15790 15790 15790 16037 16194 16387 16542\n",
      "Eye stream player doesn't exist, cannot update camera calibration\n"
     ]
    }
   ],
   "source": [
    "dset = SyncedEgoExoCaptureDset(\n",
    "    aria_path=aria_path,\n",
    "    aria_frame_path=aria_frame_path,\n",
    "    metadata_path=metadata_path,\n",
    "    traj_file=traj_file,\n",
    "    gopro_calibs_file=gopro_calibs_file,\n",
    "    gopro_dsets={\n",
    "        \"cam01\": FrameDset(gopro_paths[\"cam01\"]),\n",
    "        \"cam02\": FrameDset(gopro_paths[\"cam02\"]),\n",
    "        \"cam03\": FrameDset(gopro_paths[\"cam03\"]),\n",
    "        \"cam04\": FrameDset(gopro_paths[\"cam04\"]),\n",
    "    },\n",
    "    gopro_timesync_name_to_calib_name=gopro_timesync_name_to_calib_name,\n",
    ")"
   ]
  },
  {
   "cell_type": "code",
   "execution_count": 530,
   "id": "d094db4b",
   "metadata": {},
   "outputs": [
    {
     "data": {
      "text/plain": [
       "937.859920237"
      ]
     },
     "execution_count": 530,
     "metadata": {},
     "output_type": "execute_result"
    }
   ],
   "source": [
    "dset.synced_df[\"aria01_214-1_capture_timestamp_ns\"].iloc[7000] / 1e9"
   ]
  },
  {
   "cell_type": "code",
   "execution_count": 534,
   "id": "98d29c72",
   "metadata": {},
   "outputs": [
    {
     "name": "stdout",
     "output_type": "stream",
     "text": [
      "10217 /private/home/miguelmartin/ego4d/ego4d_public/notebooks/aria_unc_t1/214-1/214-1-10217-937.827.jpg\n",
      "[torch.Size([1, 3, 2160, 3840])]\n",
      "[torch.Size([1, 3, 2160, 3840])]\n",
      "[torch.Size([1, 3, 2160, 3840])]\n",
      "[torch.Size([1, 3, 2160, 3840])]\n"
     ]
    },
    {
     "data": {
      "text/plain": [
       "937.827"
      ]
     },
     "execution_count": 534,
     "metadata": {},
     "output_type": "execute_result"
    }
   ],
   "source": [
    "dset[7000][\"aria_t\"] / 1e6"
   ]
  },
  {
   "cell_type": "code",
   "execution_count": 493,
   "id": "12dcc506",
   "metadata": {},
   "outputs": [],
   "source": [
    "# # https://github.com/colmap/colmap/blob/d6f528ab59fd653966e857f8d0c2203212563631/scripts/python/read_write_model.py#L453\n",
    "def qvec2rotmat(qvec):\n",
    "    return np.array([\n",
    "      [1 - 2 * qvec[2]**2 - 2 * qvec[3]**2,\n",
    "       2 * qvec[1] * qvec[2] - 2 * qvec[0] * qvec[3],\n",
    "       2 * qvec[3] * qvec[1] + 2 * qvec[0] * qvec[2]],\n",
    "      [2 * qvec[1] * qvec[2] + 2 * qvec[0] * qvec[3],\n",
    "       1 - 2 * qvec[1]**2 - 2 * qvec[3]**2,\n",
    "       2 * qvec[2] * qvec[3] - 2 * qvec[0] * qvec[1]],\n",
    "      [2 * qvec[3] * qvec[1] - 2 * qvec[0] * qvec[2],\n",
    "       2 * qvec[2] * qvec[3] + 2 * qvec[0] * qvec[1],\n",
    "       1 - 2 * qvec[1]**2 - 2 * qvec[2]**2]])"
   ]
  },
  {
   "cell_type": "code",
   "execution_count": 524,
   "id": "940e4096",
   "metadata": {},
   "outputs": [
    {
     "name": "stdout",
     "output_type": "stream",
     "text": [
      "10217 /private/home/miguelmartin/ego4d/ego4d_public/notebooks/aria_unc_t1/214-1/214-1-10217-937.827.jpg\n",
      "[torch.Size([1, 3, 2160, 3840])]\n",
      "[torch.Size([1, 3, 2160, 3840])]\n",
      "[torch.Size([1, 3, 2160, 3840])]\n",
      "[torch.Size([1, 3, 2160, 3840])]\n"
     ]
    },
    {
     "data": {
      "text/plain": [
       "937.827"
      ]
     },
     "execution_count": 524,
     "metadata": {},
     "output_type": "execute_result"
    }
   ],
   "source": [
    "x = dset[7000]\n",
    "x[\"aria_t\"] / 1e6"
   ]
  },
  {
   "cell_type": "code",
   "execution_count": 496,
   "id": "87bb0cf8",
   "metadata": {},
   "outputs": [
    {
     "ename": "SyntaxError",
     "evalue": "invalid syntax (1510854833.py, line 5)",
     "output_type": "error",
     "traceback": [
      "\u001b[0;36m  Cell \u001b[0;32mIn[496], line 5\u001b[0;36m\u001b[0m\n\u001b[0;31m    )D\u001b[0m\n\u001b[0m     ^\u001b[0m\n\u001b[0;31mSyntaxError\u001b[0m\u001b[0;31m:\u001b[0m invalid syntax\n"
     ]
    }
   ],
   "source": [
    "t_world = np.array([\n",
    "    x[\"aria_pose\"][\"tx_world_device\"],\n",
    "    x[\"aria_pose\"][\"ty_world_device\"],\n",
    "    x[\"aria_pose\"][\"tz_world_device\"]]\n",
    ")D\n",
    "# aR = qvec2rotmat([\n",
    "R_world = qvec2rotmat([\n",
    "    x[\"aria_pose\"][\"qw_world_device\"],\n",
    "    x[\"aria_pose\"][\"qx_world_device\"],\n",
    "    x[\"aria_pose\"][\"qy_world_device\"],\n",
    "    x[\"aria_pose\"][\"qz_world_device\"],\n",
    "])\n",
    "\n",
    "T_world_gopro = np.zeros((4, 4)) # world -> gopro\n",
    "T_world_gopro[0:3, 0:3] = R_world # gopro rot\n",
    "T_world_gopro[0:3, 3] = t_world # world pos\n",
    "T_world_gopro[3, 3] = 1.0\n",
    "\n",
    "T_gopro_world = inv(T_world_gopro)\n",
    "t_local = T_gopro_world[0:3, 3]\n",
    "R_local = T_gopro_world[0:3, 0:3]\n",
    "\n",
    "aria_camera = {\n",
    "    \"center\": t_world,\n",
    "    \"t_world\": t_local,\n",
    "#     \"R\": R_local,\n",
    "    \"T_device_world\": inv(T_world_gopro),\n",
    "    \"T_world_device\": T_world_gopro,\n",
    "}\n",
    "aria_camera"
   ]
  },
  {
   "cell_type": "code",
   "execution_count": 497,
   "id": "3b6a4502",
   "metadata": {},
   "outputs": [
    {
     "name": "stdout",
     "output_type": "stream",
     "text": [
      "{'gopro_uid': '/home/jingdong/data/egoexo/unc_t1/raw/gopro1_%09d.jpg', 'tx_world_gopro': -0.653423, 'ty_world_gopro': -7.659884, 'tz_world_gopro': -0.216753, 'qx_world_gopro': -0.664825167, 'qy_world_gopro': -0.195264903, 'qz_world_gopro': 0.221679837, 'qw_world_gopro': 0.686102882, 'image_width': 3840, 'image_height': 2160, 'intrinsics_0': 1920.12487793, 'intrinsics_1': 1914.620605469, 'intrinsics_2': 1920.0, 'intrinsics_3': 1080.0, 'intrinsics_4': 0.032639414, 'intrinsics_5': 0.066838823, 'intrinsics_6': -0.065338001, 'intrinsics_7': 0.022063816}\n",
      "==\n",
      "cam01\n",
      "[[ 0.82545934  0.56382439 -0.02681304  4.85239176]\n",
      " [-0.04455631  0.01773109 -0.99884951 -0.10979962]\n",
      " [-0.56270029  0.82570434  0.03975823  5.96573588]\n",
      " [ 0.          0.          0.          1.        ]]\n",
      "--\n",
      "[[ 0.82545934 -0.04455631 -0.56270029 -0.653423  ]\n",
      " [ 0.56382439  0.01773109  0.82570434 -7.659884  ]\n",
      " [-0.02681304 -0.99884951  0.03975823 -0.216753  ]\n",
      " [ 0.          0.          0.          1.        ]]\n",
      "Rc + T = 0\n",
      "Center Eq= [ 5.55111512e-16 -5.55111512e-17 -3.33066907e-16  1.00000000e+00]\n",
      "Center= [-0.653423 -7.659884 -0.216753]\n",
      "===\n",
      "{'gopro_uid': '/home/jingdong/data/egoexo/unc_t1/raw/gopro2_%09d.jpg', 'tx_world_gopro': 2.396566, 'ty_world_gopro': -3.831635, 'tz_world_gopro': -0.247106, 'qx_world_gopro': 0.444527509, 'qy_world_gopro': 0.548991044, 'qz_world_gopro': -0.54789176, 'qw_world_gopro': -0.448128047, 'image_width': 3840, 'image_height': 2160, 'intrinsics_0': 1920.12487793, 'intrinsics_1': 1914.620605469, 'intrinsics_2': 1920.0, 'intrinsics_3': 1080.0, 'intrinsics_4': 0.032639414, 'intrinsics_5': 0.066838823, 'intrinsics_6': -0.065338001, 'intrinsics_7': 0.022063816}\n",
      "==\n",
      "cam02\n",
      "[[-2.03153094e-01  9.79134572e-01  4.93065035e-03  4.23977449e+00]\n",
      " [-2.96808641e-03  4.41982593e-03 -9.99985828e-01 -2.23054123e-01]\n",
      " [-9.79142488e-01 -2.03164850e-01  2.00825450e-03  1.56862230e+00]\n",
      " [ 0.00000000e+00  0.00000000e+00  0.00000000e+00  1.00000000e+00]]\n",
      "--\n",
      "[[-2.03153094e-01 -2.96808625e-03 -9.79142487e-01  2.39656600e+00]\n",
      " [ 9.79134571e-01  4.41982613e-03 -2.03164850e-01 -3.83163500e+00]\n",
      " [ 4.93065019e-03 -9.99985828e-01  2.00825470e-03 -2.47106000e-01]\n",
      " [ 0.00000000e+00  0.00000000e+00  0.00000000e+00  1.00000000e+00]]\n",
      "Rc + T = 0\n",
      "Center Eq= [-2.22044605e-16 -5.55111512e-17  0.00000000e+00  1.00000000e+00]\n",
      "Center= [ 2.396566 -3.831635 -0.247106]\n",
      "===\n",
      "{'gopro_uid': '/home/jingdong/data/egoexo/unc_t1/raw/gopro3_%09d.jpg', 'tx_world_gopro': -2.244871, 'ty_world_gopro': 0.478574, 'tz_world_gopro': -0.252761, 'qx_world_gopro': -0.00566484, 'qy_world_gopro': 0.728103135, 'qz_world_gopro': -0.685290861, 'qw_world_gopro': -0.014497222, 'image_width': 3840, 'image_height': 2160, 'intrinsics_0': 1920.12487793, 'intrinsics_1': 1914.620605469, 'intrinsics_2': 1920.0, 'intrinsics_3': 1080.0, 'intrinsics_4': 0.032639414, 'intrinsics_5': 0.066838823, 'intrinsics_6': -0.065338001, 'intrinsics_7': 0.022063816}\n",
      "==\n",
      "cam03\n",
      "[[-0.99951548  0.01162045  0.02887507 -2.24204607]\n",
      " [-0.0281188   0.06068869 -0.9977606  -0.34436208]\n",
      " [-0.01334682 -0.9980891  -0.06033253  0.43244789]\n",
      " [ 0.          0.          0.          1.        ]]\n",
      "--\n",
      "[[-0.99951548 -0.0281188  -0.01334682 -2.244871  ]\n",
      " [ 0.01162045  0.06068869 -0.9980891   0.478574  ]\n",
      " [ 0.02887507 -0.9977606  -0.06033253 -0.252761  ]\n",
      " [ 0.          0.          0.          1.        ]]\n",
      "Rc + T = 0\n",
      "Center Eq= [0. 0. 0. 1.]\n",
      "Center= [-2.244871  0.478574 -0.252761]\n",
      "===\n",
      "{'gopro_uid': '/home/jingdong/data/egoexo/unc_t1/raw/gopro4_%09d.jpg', 'tx_world_gopro': -5.668687, 'ty_world_gopro': -2.916972, 'tz_world_gopro': -0.239269, 'qx_world_gopro': 0.368192769, 'qy_world_gopro': -0.582647326, 'qz_world_gopro': 0.587234954, 'qw_world_gopro': -0.424395201, 'image_width': 3840, 'image_height': 2160, 'intrinsics_0': 1920.12487793, 'intrinsics_1': 1914.620605469, 'intrinsics_2': 1920.0, 'intrinsics_3': 1080.0, 'intrinsics_4': 0.032639414, 'intrinsics_5': 0.066838823, 'intrinsics_6': -0.065338001, 'intrinsics_7': 0.022063816}\n",
      "==\n",
      "cam04\n",
      "[[-0.3686456  -0.92749246 -0.06211413 -4.81006802]\n",
      " [ 0.06938633  0.03917839 -0.99682024  0.26910345]\n",
      " [ 0.92697679 -0.37178326  0.04991236  4.18220237]\n",
      " [ 0.          0.          0.          1.        ]]\n",
      "--\n",
      "[[-0.3686456   0.06938633  0.92697679 -5.668687  ]\n",
      " [-0.92749246  0.03917839 -0.37178326 -2.916972  ]\n",
      " [-0.06211413 -0.99682024  0.04991236 -0.239269  ]\n",
      " [ 0.          0.          0.          1.        ]]\n",
      "Rc + T = 0\n",
      "Center Eq= [0.00000000e+00 8.32667268e-17 0.00000000e+00 1.00000000e+00]\n",
      "Center= [-5.668687 -2.916972 -0.239269]\n",
      "===\n"
     ]
    }
   ],
   "source": [
    "def _create_exo_camera(exo_cam_desc):\n",
    "    params = [\n",
    "        exo_cam_desc[f\"intrinsics_{i}\"]\n",
    "        for i in range(8)\n",
    "    ]\n",
    "    camera = pycolmap.Camera(\n",
    "        model=\"OPENCV_FISHEYE\",\n",
    "        width=exo_cam_desc[\"image_width\"],\n",
    "        height=exo_cam_desc[\"image_height\"],\n",
    "        params=params,\n",
    "    )\n",
    "\n",
    "    return camera\n",
    "\n",
    "gopro_cameras = {}\n",
    "for name in [\"cam01\", \"cam02\", \"cam03\", \"cam04\"]:\n",
    "    ps = x[\"cameras\"][name]\n",
    "    cam = _create_exo_camera(ps)\n",
    "    print(ps)\n",
    "    t_world = np.array([\n",
    "        ps[\"tx_world_gopro\"],\n",
    "        ps[\"ty_world_gopro\"],\n",
    "        ps[\"tz_world_gopro\"]\n",
    "    ])\n",
    "#     R = qvec2rotmat([\n",
    "    R_world = qvec2rotmat([\n",
    "        ps[\"qw_world_gopro\"],\n",
    "        ps[\"qx_world_gopro\"],\n",
    "        ps[\"qy_world_gopro\"],\n",
    "        ps[\"qz_world_gopro\"],\n",
    "    ])\n",
    "    T_world_gopro = np.zeros((4, 4)) # world -> gopro\n",
    "    T_world_gopro[0:3, 0:3] = R_world # gopro rot\n",
    "    T_world_gopro[0:3, 3] = t_world # world pos\n",
    "    T_world_gopro[3, 3] = 1.0\n",
    "    T_gopro_world = inv(T_world_gopro)\n",
    "    t_local = T_gopro_world[0:3, 3]\n",
    "    R_local = T_gopro_world[0:3, 0:3]\n",
    "#     print(\"to_gopro=\", t_gopro)\n",
    "#     print(T_world_gopro)\n",
    "#     print(t_world, t_gopro)\n",
    "    gopro_cameras[name] = {\n",
    "        \"camera\": cam,\n",
    "        \"T_world_device\": T_world_gopro,\n",
    "        \"T_device_world\": inv(T_world_gopro),\n",
    "        \"center\": t_world,\n",
    "        \"R_world\": R_world,\n",
    "        \"t_local\": t_local,\n",
    "        \"t_world\": t_world,\n",
    "    }\n",
    "    print(\"==\")\n",
    "    print(name)\n",
    "    print(T_gopro_world)\n",
    "    print(\"--\")\n",
    "    print(T_world_gopro)\n",
    "#     print(-np.dot(R_gopro, t_world), t_gopro)\n",
    "    cam = gopro_cameras[name]\n",
    "    print(\"Rc + T = 0\")\n",
    "    print(\"Center Eq=\", np.matmul(gopro_cameras[name][\"T_device_world\"], np.array(gopro_cameras[name][\"center\"].tolist() + [1.0])))\n",
    "    print(\"Center=\", cam[\"center\"])\n",
    "    print(\"===\")"
   ]
  },
  {
   "cell_type": "code",
   "execution_count": 498,
   "id": "b43dc5d8",
   "metadata": {},
   "outputs": [
    {
     "data": {
      "text/plain": [
       "array([ 4.85239176, -0.10979962,  5.96573588])"
      ]
     },
     "execution_count": 498,
     "metadata": {},
     "output_type": "execute_result"
    }
   ],
   "source": [
    "camera = gopro_cameras[\"cam01\"]\n",
    "np.matmul(camera[\"T_world_device\"][0:3, 0:4], np.array(camera[\"t_world\"].tolist() + [1.0]))\n",
    "np.matmul(camera[\"T_device_world\"][0:3, 0:4], np.array([0.0, 0.0, 0.0] + [1.0]))"
   ]
  },
  {
   "cell_type": "code",
   "execution_count": 499,
   "id": "909810de",
   "metadata": {},
   "outputs": [
    {
     "data": {
      "text/plain": [
       "array([-0.71326657,  3.62907805,  5.36861649])"
      ]
     },
     "execution_count": 499,
     "metadata": {},
     "output_type": "execute_result"
    }
   ],
   "source": [
    "np.matmul(aria_camera[\"T_world_device\"][0:3, 0:4], np.array(aria_camera[\"t_world\"].tolist() + [1.0]))\n",
    "np.matmul(aria_camera[\"T_device_world\"][0:3, 0:4], np.array([0.0, 0.0, 0.0] + [1.0]))"
   ]
  },
  {
   "cell_type": "code",
   "execution_count": 501,
   "id": "4b81aeb2",
   "metadata": {},
   "outputs": [],
   "source": [
    "def world_pt_to_image(pt, from_camera, to_camera):\n",
    "    pass\n",
    "\n",
    "def device_pt_to_image(pt, from_camera, to_camera):\n",
    "    pass"
   ]
  },
  {
   "cell_type": "markdown",
   "id": "813fe02a",
   "metadata": {},
   "source": [
    "# GoPro -> Aria"
   ]
  },
  {
   "cell_type": "code",
   "execution_count": 502,
   "id": "99310350",
   "metadata": {},
   "outputs": [
    {
     "name": "stdout",
     "output_type": "stream",
     "text": [
      "[[-0.3686456   0.06938633  0.92697679 -5.668687  ]\n",
      " [-0.92749246  0.03917839 -0.37178326 -2.916972  ]\n",
      " [-0.06211413 -0.99682024  0.04991236 -0.239269  ]\n",
      " [ 0.          0.          0.          1.        ]]\n"
     ]
    }
   ],
   "source": [
    "print(gopro_cameras[\"cam04\"][\"T_world_device\"])"
   ]
  },
  {
   "cell_type": "code",
   "execution_count": 503,
   "id": "e3a6bcc6",
   "metadata": {},
   "outputs": [],
   "source": [
    "import pyark.datatools as datatools\n",
    "\n",
    "def get_camera_models(aria_path):\n",
    "    vrs_data_provider = datatools.dataprovider.AriaVrsDataProvider()\n",
    "    vrs_data_provider.openFile(aria_path)\n",
    "\n",
    "    aria_stream_id = datatools.dataprovider.StreamId(214, 1)\n",
    "    vrs_data_provider.setStreamPlayer(aria_stream_id)\n",
    "    vrs_data_provider.readFirstConfigurationRecord(aria_stream_id)\n",
    "\n",
    "    aria_stream_id = datatools.dataprovider.StreamId(1201, 1)\n",
    "    vrs_data_provider.setStreamPlayer(aria_stream_id)\n",
    "    vrs_data_provider.readFirstConfigurationRecord(aria_stream_id)\n",
    "\n",
    "    aria_stream_id = datatools.dataprovider.StreamId(1201, 2)\n",
    "    vrs_data_provider.setStreamPlayer(aria_stream_id)\n",
    "    vrs_data_provider.readFirstConfigurationRecord(aria_stream_id)\n",
    "\n",
    "    vrs_data_provider.loadDeviceModel()\n",
    "\n",
    "    aria_camera_model = vrs_data_provider.getDeviceModel()\n",
    "    slam_left = aria_camera_model.getCameraCalib(\"camera-slam-left\")\n",
    "    slam_right = aria_camera_model.getCameraCalib(\"camera-slam-right\")\n",
    "    rgb_cam = aria_camera_model.getCameraCalib(\"camera-rgb\")\n",
    "    assert slam_left is not None\n",
    "    assert slam_right is not None\n",
    "    assert rgb_cam is not None\n",
    "    \n",
    "    return {\n",
    "        \"1201-1\": slam_left,\n",
    "        \"1201-2\": slam_left,\n",
    "        \"214-1\": rgb_cam,\n",
    "    }\n"
   ]
  },
  {
   "cell_type": "code",
   "execution_count": 504,
   "id": "80a9ddf5",
   "metadata": {},
   "outputs": [],
   "source": [
    "# gopro_calib_df"
   ]
  },
  {
   "cell_type": "code",
   "execution_count": 505,
   "id": "b01cc717",
   "metadata": {},
   "outputs": [],
   "source": [
    "from typing import Dict, Any, Union\n",
    "from dataclasses import dataclass\n",
    "\n",
    "import copy\n",
    "import pycolmap\n",
    "\n",
    "\n",
    "Vec2 = np.array\n",
    "Vec3 = np.array\n",
    "Mat44 = np.array\n",
    "AriaCameraModel = Any\n",
    "\n",
    "# https://github.com/colmap/colmap/blob/d6f528ab59fd653966e857f8d0c2203212563631/scripts/python/read_write_model.py#L453\n",
    "def qvec2rotmat(qvec):\n",
    "    return np.array([\n",
    "      [1 - 2 * qvec[2]**2 - 2 * qvec[3]**2,\n",
    "       2 * qvec[1] * qvec[2] - 2 * qvec[0] * qvec[3],\n",
    "       2 * qvec[3] * qvec[1] + 2 * qvec[0] * qvec[2]],\n",
    "      [2 * qvec[1] * qvec[2] + 2 * qvec[0] * qvec[3],\n",
    "       1 - 2 * qvec[1]**2 - 2 * qvec[3]**2,\n",
    "       2 * qvec[2] * qvec[3] - 2 * qvec[0] * qvec[1]],\n",
    "      [2 * qvec[3] * qvec[1] - 2 * qvec[0] * qvec[2],\n",
    "       2 * qvec[2] * qvec[3] + 2 * qvec[0] * qvec[1],\n",
    "       1 - 2 * qvec[1]**2 - 2 * qvec[2]**2]])\n",
    "\n",
    "\n",
    "def _create_exo_camera(exo_cam_desc):\n",
    "    params = [\n",
    "        exo_cam_desc[f\"intrinsics_{i}\"]\n",
    "        for i in range(8)\n",
    "    ]\n",
